325 5
841 607
182 84
267 187
609 974
661 326
579 350
899 944
915 486
431 674
910 629
882 972
501 965
565 636
438 379
272 643
606 955
953 352
262 561
417 39
752 70
779 520
487 922
280 716
489 590
702 397
946 955
305 514
35 600
774 305
355 35
635 849
818 558
252 810
422 360
788 397
489 725
831 661
150 10
962 849
803 198
795 825
100 153
535 435
676 733
661 970
821 891
420 207
729 963
713 67
111 550
439 630
15 301
392 220
499 208
695 253
742 751
624 820
410 643
913 868
313 317
484 225
228 556
763 118
561 581
218 952
84 732
776 885
701 571
818 196
731 179
350 502
304 716
910 132
401 666
13 313
756 393
85 257
453 986
25 704
235 474
250 59
827 990
840 751
144 826
907 265
751 405
342 381
972 924
120 335
642 997
674 947
687 334
915 994
437 144
538 348
197 370
798 878
736 822
957 509
239 551
223 693
214 172
592 268
129 39
230 960
352 247
884 531
563 682
680 265
177 670
849 325
525 491
37 774
46 335
50 977
968 588
975 169
450 286
243 107
404 735
356 382
573 446
449 480
570 886
762 247
591 150
469 124
835 632
246 117
620 774
667 563
617 875
633 117
954 216
797 901
842 966
537 234
226 370
116 255
448 835
382 610
225 871
695 203
91 743
886 822
870 572
607 720
753 71
764 761
452 933
812 720
805 361
14 691
449 965
264 969
940 894
922 55
537 227
564 611
470 539
335 724
424 639
536 733
401 918
814 700
952 91
581 285
448 527
760 137
264 566
303 933
209 287
837 852
130 466
310 105
714 755
626 875
916 557
337 869
196 978
57 589
911 295
244 738
53 757
770 317
969 15
426 906
827 247
647 226
42 879
757 799
264 400
0 213
658 680
586 479
623 0
878 125
688 669
867 810
145 395
304 638
149 868
790 940
313 342
967 78
183 16
191 439
733 208
447 930
463 496
174 741
364 216
15 812
521 614
93 328
519 796
536 331
459 813
559 624
210 676
883 294
377 941
878 73
440 248
540 456
297 608
591 405
423 496
83 267
274 57
968 260
100 801
434 25
756 452
138 638
994 272
589 512
203 15
906 208
949 86
269 349
887 375
609 331
716 541
870 284
185 968
803 918
558 248
677 303
451 566
304 947
693 839
694 74
762 589
731 167
496 529
406 198
589 801
379 90
721 895
593 114
483 919
955 786
473 146
953 19
370 489
545 748
7 703
635 296
981 459
951 314
644 582
804 28
542 66
652 855
642 262
742 475
46 279
645 424
868 474
98 194
378 602
161 36
543 316
420 431
761 364
86 925
814 791
396 687
567 559
457 213
177 360
731 204
717 966
435 739
124 886
314 150
950 330
379 460
