672 773
678 935
391 517
804 68
356 154
141 151
462 587
601 253
250 109
272 782
461 653
963 817
542 467
38 800
491 336
15 985
159 274
620 443
566 942
782 659
958 180
384 185
214 585
820 424
824 13
614 971
825 120
547 948
238 32
894 921
301 903
872 958
29 408
954 556
679 454
657 229
943 633
129 305
30 571
483 46
424 498
212 988
120 156
179 46
730 593
351 516
247 25
71 353
54 60
88 90
457 916
548 271
292 470
271 800
160 404
415 289
5 328
205 886
953 970
803 357
750 41
509 286
352 96
91 379
422 961
320 948
264 653
789 570
36 24
977 122
476 798
314 601
195 549
435 946
642 645
914 105
219 593
900 811
17 512
882 485
206 632
995 752
25 456
627 715
611 392
870 731
671 535
38 499
460 619
26 409
267 445
731 693
573 744
984 152
320 208
772 797
820 597
344 245
601 223
415 101
